2
335 468 501
2
479 725 359
1
706 465 146
1
962 828 492
1
828 943 437
0
903 605 154
1
422 383 717
2
448 896 727
2
870 539 913
2
36 300 895
2
323 812 334
0
142 665 712
2
548 869 645
1
38 758 860
2
530 742 779
1
191 36 843
0
41 107 943
1
447 649 806
2
371 730 351
0
394 102 549
0
85 624 955
0
967 841 377
2
945 309 440
2
538 324 539
2
930 83 542
0
640 116 659
0
978 931 307
2
22 387 746
2
271 73 830
2
98 574 513
1
162 291 637
2
656 768 575
2
351 53 151
0
967 725 431
0
8 192 338
1
754 288 384
2
210 910 759
2
423 589 947
2
414 31 169
0
763 592 656
1
625 360 538
2
596 484 42
2
292 351 837
2
597 21 22
0
669 200 485
1
54 735 1000
0
901 939 789
1
729 468 894
0
808 484 422
0
814 618 515
2
936 617 452
2
520 250 557
1
225 304 9
0
990 610 703
0
94 486 344
1
315 588 504
2
459 201 619
0
799 797 282
2
10 799 158
0
539 623 293
2
191 180 658
2
816 192 889
1
203 512 635
2
329 56 647
1
876 887 434
1
845 143 417
2
323 999 652
1
558 700 477
1
76 390 713
2
4 511 870
2
402 689 790
0
3 424 586
2
89 286 427
0
833 758 933
2
722 155 190
2
369 330 693
2
435 556 550
1
146 513 61
1
140 754 424
1
688 997 530
1
867 438 950
1
298 196 417
2
489 106 283
2
115 735 702
2
787 672 264
2
186 356 54
0
833 809 946
2
322 757 559
0
482 983 145
0
130 223 162
0
174 451 467
2
293 660 440
0
155 25 511
2
187 650 314
1
169 23 19
1
959 906 392
2
478 626 415
2
335 825 875
0
834 160 71
2
519 298 178
1
764 271 669
2
103 986 481
2
803 628 100
2
544 626 925
1
62 973 182
1
506 433 594
0
493 32 143
2
65 287 901
2
414 361 975
2
236 171 834
1
897 761 668
1
141 551 695
1
20 625 126
2
659 695 303
1
679 467 594
1
19 485 465
2
801 153 88
1
11 927 758
1
577 316 228
1
165 759 110
1
566 87 488
0
626 475 628
1
424 929 521
2
124 963 597
2
196 262 526
1
203 261 117
2
12 327 772
0
154 548 521
0
189 925 764
2
663 852 830
0
959 714 579
1
478 8 201
0
304 440 761
1
478 325 109
2
802 888 851
0
994 429 385
1
112 541 705
1
73 357 351
1
557 486 217
0
527 358 358
0
870 272 362
2
618 23 113
0
586 697 42
0
230 130 566
1
297 933 856
2
585 963 735
0
458 973 370
2
608 964 484
2
68 636 849
1
224 939 143
0
742 512 176
0
222 826 871
0
206 935 784
0
280 399 702
1
638 735 535
0
177 994 706
2
882 549 301
1
856 642 856
2
612 463 878
0
753 679 444
0
41 674 314
2
819 73 611
0
113 933 696
2
41 832 489
2
498 91 590
1
354 146 315
0
45 741 259
2
193 760 606
1
504 182 830
0
293 609 998
2
562 557 628
2
130 542 241
0
602 175 78
1
214 684 993
0
393 602 760
0
28 429 85
1
499 787 971
2
605 848 504
2
707 664 364
1
490 172 241
2
620 543 914
1
819 705 233
0
976 206 540
0
99 423 248
0
972 649 865
2
546 76 713
2
770 679 263
2
290 986 945
0
246 541 509
1
602 871 324
0
153 473 88
1
902 764 104
2
601 528 970
2
29 566 544
0
944 89 638
2
50 464 682
1
609 343 61
2
955 759 889
1
950 691 844
1
749 621 68
0
36 784 227
2
854 39 630
1
924 749 360
1
945 767 956
2
412 727 26
0
550 2 497
2
965 516 343
2
143 914 197
0
427 73 607
1
405 430 706
1
376 813 94
2
737 37 142
1
257 995 653
2
483 839 356
0
231 132 842
0
638 12 187
1
663 651 635
0
417 354 453
1
234 263 455
1
304 635 257
1
318 125 214
1
201 29 81
0
51 859 156
2
904 265 677
0
903 910 562
1
283 949 654
2
403 221 924
0
879 370 260
0
972 620 4
0
505 782 393
0
699 314 590
2
38 939 411
0
509 235 962
2
516 494 270
1
59 870 701
0
118 265 216
0
331 816 40
2
83 289 955
2
485 711 775
1
952 816 542
1
111 680 899
0
978 789 133
1
114 690 9
2
724 791 364
1
779 185 201
1
975 886 72
2
154 868 296
2
677 826 630
0
310 599 694
0
117 81 250
0
680 529 865
0
827 406 817
1
667 727 88
0
341 965 687
0
722 663 65
2
903 416 874
0
746 942 763
1
807 532 269
0
908 603 308
0
137 13 631
0
85 810 557
2
997 294 153
1
709 346 249
0
132 713 115
2
723 959 705
2
270 53 480
1
919 424 867
1
487 499 197
1
159 634 23
0
38 393 926
0
603 459 808
0
293 831 601
0
353 800 449
1
316 541 576
2
337 568 398
2
829 898 852
2
450 231 926
1
521 230 941
1
163 148 656
2
362 793 755
0
715 147 947
2
639 570 664
0
522 516 476
0
235 529 571
2
558 465 963
1
550 525 470
0
351 924 334
2
738 911 337
1
394 279 637
0
592 165 950
1
338 506 5
2
665 624 971
0
282 569 86
2
653 374 195
0
397 827 573
0
175 641 820
1
942 612 290
1
806 566 586
1
616 451 610
0
894 167 75
0
696 301 574
1
173 162 969
1
269 32 427
1
775 423 780
1
183 553 392
0
875 765 365
1
461 256 475
0
123 822 548
1
606 790 196
0
344 951 755
0
673 13 440
0
763 913 968
0
909 416 224
2
205 435 487
2
946 959 807
0
368 701 693
1
557 533 975
0
284 22 223
0
584 377 949
0
19 983 777
1
183 112 857
2
325 926 487
0
644 970 535
2
69 669 992
0
829 784 728
2
698 872 613
1
409 28 546
1
239 186 238
1
502 314 851
0
651 112 150
2
870 455 682
0
714 268 794
1
973 473 831
1
178 443 878
0
365 703 382
0
238 824 24
1
170 596 328
0
183 311 59
0
671 488 529
2
214 259 861
1
743 287 611
2
435 129 842
0
868 504 866
0
258 882 751
0
459 599 662
2
808 757 279
1
366 436 76
2
834 387 361
1
929 49 493
1
767 841 736
1
838 600 893
2
353 329 370
2
609 795 253
1
536 433 209
0
244 498 650
1
190 842 101
0
524 649 852
0
892 634 201
0
698 991 920
2
932 579 545
1
900 488 526
2
493 539 194
1
561 12 835
1
786 498 530
1
792 806 393
1
579 550 980
2
74 278 194
0
827 498 277
2
579 583 160
0
160 490 450
0
381 73 9
1
478 209 504
1
197 608 75
0
20 612 762
1
164 891 684
0
453 933 742
1
863 814 397
1
905 616 600
0
199 681 33
2
241 585 518
2
242 671 883
1
759 524 106
2
297 96 917
0
580 179 59
1
8 751 730
0
679 996 677
0
785 900 566
0
173 609 244
1
169 515 56
1
923 974 749
2
145 987 447
2
630 518 917
0
470 792 913
1
92 694 816
0
641 858 53
2
488 552 227
1
184 956 395
0
66 98 66
2
579 262 79
0
612 141 948
0
976 171 490
0
334 150 866
2
8 283 433
1
523 368 883
1
232 642 188
0
322 480 539
1
209 448 647
1
190 760 423
0
456 487 29
1
254 861 778
1
862 504 432
0
198 456 107
1
297 822 282
2
948 456 125
0
377 136 775
0
75 999 254
1
644 636 889
2
748 233 681
0
451 679 802
1
856 200 364
1
562 574 246
2
551 275 354
2
700 288 111
1
173 466 530
0
477 113 382
0
672 891 806
2
990 33 321
2
659 432 294
1
949 579 207
0
397 167 698
0
530 695 789
1
970 985 979
2
627 16 685
0
929 907 98
2
200 391 786
2
421 200 711
1
416 814 86
0
332 581 268
2
187 445 508
1
75 828 432
0
269 272 694
1
312 338 605
2
769 407 23
0
543 1 538
2
356 389 290
0
94 182 585
1
494 762 218
0
448 483 666
1
85 105 96
1
965 222 782
0
657 107 344
0
81 81 869
0
969 714 252
0
769 80 41
1
780 934 664
1
937 654 96
2
721 875 836
0
456 977 726
0
560 809 157
1
906 833 441
1
886 563 963
2
798 837 203
2
341 81 77
1
741 494 547
2
98 774 881
1
401 73 708
2
142 667 589
1
316 169 397
1
13 10 137
1
44 763 743
0
513 923 249
2
718 369 715
1
336 291 760
1
304 896 641
1
106 200 792
1
653 682 754
0
988 30 43
0
421 84 815
0
64 245 230
0
770 865 471
2
595 48 488
2
324 277 541
2
589 991 711
0
222 946 471
2
956 590 979
2
263 7 136
0
34 197 89
2
994 780 791
2
2 966 106
2
670 568 135
1
999 458 546
1
839 219 845
1
29 564 265
1
491 724 605
2
198 228 693
1
302 364 364
2
422 566 446
1
742 496 23
0
16 152 56
0
280 739 883
0
823 655 708
2
145 339 291
1
605 155 624
1
725 79 982
2
224 734 595
0
988 847 446
1
751 617 490
2
136 964 698
1
225 631 909
1
921 475 373
0
735 856 562
0
185 607 76
2
742 120 433
0
280 780 284
0
126 837 119
2
120 29 578
0
557 92 796
1
794 902 433
0
876 581 908
1
720 75 791
1
352 42 330
0
73 975 592
0
491 788 240
1
64 54 682
1
177 6 480
0
469 140 999
2
516 640 622
2
723 827 839
0
400 582 979
2
944 24 835
2
703 350 708
0
688 142 347
0
414 638 401
1
163 691 936
2
878 411 383
1
706 190 875
2
196 723 567
1
589 39 812
0
426 468 868
1
64 543 548
1
100 618 24
0
49 204 52
1
459 637 968
2
532 406 963
2
557 976 532
1
592 45 804
1
451 916 320
2
384 792 134
2
570 643 301
2
586 79 258
1
491 894 104
1
723 234 272
0
339 991 642
2
353 48 659
2
684 303 991
0
423 569 896
0
362 9 743
0
189 700 179
1
942 358 848
2
381 346 914
0
62 711 386
0
463 505 704
1
155 70 530
1
150 75 731
0
50 845 119
2
553 364 774
2
748 732 512
1
499 399 104
1
54 680 44
2
564 89 835
1
241 23 912
0
581 652 478
1
179 877 221
2
799 349 180
0
884 858 663
2
421 263 771
2
842 274 687
1
718 918 893
0
750 268 66
0
620 933 82
2
29 131 632
0
631 153 173
1
296 408 429
2
611 491 178
0
460 237 644
1
38 634 894
1
994 275 783
1
291 462 663
2
152 998 424
1
641 718 704
1
662 884 660
2
652 387 766
2
210 841 498
1
59 251 422
1
788 582 272
0
505 1000 980
2
531 701 462
1
541 206 829
0
399 623 761
2
482 936 615
1
597 494 162
0
671 539 539
2
918 556 372
2
759 753 434
2
727 66 402
1
394 760 549
0
194 793 934
2
691 104 212
2
628 669 499
2
880 249 648
1
670 932 876
2
437 450 600
2
732 444 155
1
386 435 968
1
705 394 867
2
224 309 685
0
49 668 470
1
815 812 91
0
605 744 600
1
507 196 159
0
810 859 890
2
819 41 365
2
90 27 504
0
841 413 571
0
642 396 987
2
188 110 84
1
251 391 687
0
129 382 503
1
425 863 566
2
886 833 429
1
479 890 884
1
261 266 46
0
856 822 521
0
135 774 252
1
335 337 2
1
975 311 591
1
81 72 936
0
826 283 719
1
38 713 999
2
718 163 693
0
947 48 104
0
840 116 859
0
395 646 200
1
676 273 863
2
481 774 239
2
609 543 204
0
135 126 402
0
170 383 737
1
139 940 722
1
678 664 576
1
701 982 962
2
449 3 96
0
138 17 508
1
945 285 260
2
644 59 669
0
858 120 42
2
624 265 916
2
842 930 716
2
958 537 760
1
94 453 242
0
228 449 799
0
275 325 134
1
171 39 863
1
910 85 879
2
401 86 25
0
413 106 766
1
678 408 785
2
835 791 892
0
735 86 191
1
87 999 19
0
598 425 377
2
109 670 928
1
367 69 103
2
820 601 319
1
340 985 557
2
479 633 815
2
75 240 21
0
989 555 442
1
3 643 322
2
57 947 510
1
762 709 534
1
386 805 143
2
162 261 621
2
188 579 114
1
935 592 416
2
13 762 412
1
739 252 371
0
8 508 585
1
490 102 959
0
14 791 413
2
94 61 473
1
544 677 374
2
276 652 529
1
470 762 504
2
893 108 452
1
571 393 520
2
495 408 506
0
263 384 410
2
361 39 472
2
948 655 515
0
490 230 767
1
633 757 471
2
523 667 284
0
706 554 92
2
688 387 630
0
46 318 357
2
155 453 467
1
920 761 632
0
777 268 99
2
54 321 8
2
723 217 843
0
261 464 948
2
718 631 44
2
627 315 118
2
172 621 793
0
867 155 694
1
1 776 213
1
477 552 380
2
790 878 362
0
435 273 145
2
505 564 947
2
158 309 431
2
75 465 347
1
319 982 612
2
833 592 124
2
462 992 331
1
292 370 401
1
318 118 915
2
937 442 868
2
910 454 974
2
570 504 817
2
386 368 403
1
682 158 568
0
688 867 172
0
765 246 239
2
116 48 593
2
406 658 54
1
741 581 531
1
791 321 378
0
605 587 490
2
389 745 611
1
260 920 928
2
480 120 717
0
854 397 459
1
807 594 850
1
161 273 295
0
147 334 230
1
560 429 242
0
367 689 34
0
330 271 262
0
983 209 163
1
980 879 898
0
470 539 784
2
267 796 634
0
318 558 135
1
259 136 594
2
467 694 952
2
938 95 175
1
552 98 696
1
293 493 238
2
297 614 711
1
810 629 787
1
183 841 570
0
293 394 963
0
808 528 195
2
12 714 914
0
204 665 996
2
947 382 910
1
625 769 512
1
128 236 634
1
128 863 578
0
143 341 101
2
477 559 155
0
832 431 296
0
923 624 928
0
212 212 755
0
294 254 322
1
444 529 1
1
271 672 453
0
641 632 935
1
835 987 249
0
797 766 313
2
732 53 988
2
249 558 557
1
183 451 302
0
333 100 45
0
5 76 51
2
739 67 802
0
442 844 381
0
660 919 364
1
89 330 855
0
570 980 667
2
838 578 403
0
724 293 873
0
154 324 949
2
509 198 909
2
666 994 782
1
829 611 257
0
24 966 770
0
806 254 685
0
841 146 834
1
969 901 995
1
349 886 282
2
911 257 873
0
307 902 636
1
528 472 138
0
234 769 996
2
943 604 12
1
513 35 594
2
235 162 259
2
192 907 444
2
720 228 485
1
436 94 225
2
868 583 628
0
687 147 590
2
851 238 760
2
678 957 404
1
812 301 226
2
17 596 616
1
369 7 642
2
326 699 314
0
619 313 458
0
87 340 95
1
523 44 912
2
359 456 848
1
874 991 328
2
897 455 473
0
642 242 647
2
825 214 930
1
595 404 994
0
641 188 80
0
535 126 861
2
622 908 693
0
718 118 404
1
640 894 12
0
979 29 749
0
445 893 655
1
37 354 548
1
62 827 905
2
887 572 406
1
729 57 268
1
992 20 167
2
94 847 188
2
868 913 300
2
202 898 329
0
769 105 769
1
263 297 721
1
626 919 220
1
985 175 460
0
696 15 504
1
538 852 815
2
220 652 291
0
919 684 585
0
270 587 249
2
425 398 169
2
994 149 383
0
894 670 878
0
485 105 944
2
294 812 893
0
300 991 891
0
550 75 775
2
70 174 219
0
239 834 912
1
509 464 150
0
232 246 921
2
369 272 422
0
648 158 983
1
724 123 907
1
157 190 346
0
119 924 551
0
592 837 407
1
652 814 881
1
742 744 246
1
706 950 515
0
625 228 205
0
228 918 556
1
469 287 699
0
490 412 759
2
411 776 133
2
951 297 113
1
673 530 837
1
977 554 671
1
752 653 398
2
436 2 694
0
717 917 329
2
839 126 297
0
57 545 827
2
589 759 22
2
778 109 629
1
550 948 281
0
63 129 427
0
92 678 48
0
407 232 685
0
710 770 957
2
466 946 17
2
336 498 191
1
6 50 887
0
144 676 378
2
556 488 483
2
755 1 290
1
9 216 311
1
998 800 708
0
238 305 486
1
614 793 613
1
352 984 130
1
601 34 865
1
969 858 711
2
642 709 733
2
500 685 702
1
257 584 693
2
13 88 811
0
664 836 616
1
775 678 135
1
879 534 287
1
76 735 350
1
625 985 793
0
56 823 914
0
85 474 161
0
398 54 823
1
918 338 7
2
506 198 237
1
291 600 899
1
85 448 593
2
856 997 829
2
429 343 796
1
507 38 768
1
506 794 147
0
855 925 466
2
210 207 493
2
37 176 62
0
14 619 728
1
910 897 842
0
35 91 916
1
667 524 345
0
417 38 894
2
845 972 778
1
591 201 286
2
669 119 7
0
542 9 226
2
717 981 471
0
329 748 937
0
524 701 365
1
251 41 505
2
142 767 671
0
89 507 257
0
858 267 679
0
156 675 192
2
859 833 997
1
968 291 708
2
463 247 403
1
96 427 907
1
587 351 280
1
880 823 302
2
165 677 358
2
313 39 145
1
201 181 644
1
648 62 940
2
453 291 980
2
8 420 285
1
676 978 614
1
643 372 340
0
502 622 35
0
437 359 470
1
799 505 203
2
33 239 66
0
580 482 24
2
314 772 383
2
489 817 320
0
260 514 852
0
365 284 39
0
760 185 502
1
60 734 715
1
523 596 542
1
53 378 566
1
311 139 968
1
225 788 223
2
649 442 805
0
442 369 873
1
177 975 138
2
746 242 19
1
253 975 847
1
967 525 582
2
335 241 297
2
206 28 19
1
466 642 192
1
701 260 218
0
625 944 65
2
503 158 667
2
633 47 790
1
4 146 153
2
154 327 185
2
406 351 347
2
337 971 796
1
533 324 857
2
777 211 693
0
796 291 853
1
37 316 362
1
730 985 535
2
807 83 937
0
618 791 183
1
389 117 426
0
451 611 983
1
39 194 755
0
281 896 639
0
346 421 884
0
834 697 391
0
840 190 184
2
754 130 680
1
253 601 146
1
319 152 964
1
555 908 477
2
430 212 265
0
943 532 699
1
588 156 258
1
763 465 511
1
381 66 166
0
298 541 43
1
585 195 271
0
207 201 107
0
834 697 612
2
646 416 176
0
920 449 80
1
593 322 598
0
653 510 72
1
860 123 998
1
121 900 321
2
913 985 916
1
742 486 200
2
845 209 170
2
109 880 208
0
850 707 76
0
608 125 775
1
547 129 146
0
150 715 169
0
794 308 505
1
218 698 956
0
134 344 98
1
556 737 634
1
253 931 905
2
871 489 755
2
702 177 416
2
481 232 976
2
939 515 658
2
982 439 448
1
71 619 632
1
782 220 991
2
564 673 303
1
722 929 899
1
407 946 223
1
578 795 845
2
241 548 486
0
338 724 654
0
256 131 467
1
657 513 319
1
277 143 507
2
24 685 271
2
476 251 312
0
489 196 521
1
799 184 893
2
246 785 188
2
259 344 860
0
173 17 833
0
89 684 16
2
299 517 40
2
998 206 147
0
918 676 388
2
443 31 736
1
481 374 74
1
382 787 786
0
980 346 86
2
736 936 884
2
649 97 86
1
261 522 983
0
920 689 237
2
279 66 199
2
12 387 977
2
203 122 246
0
540 565 573
1
921 371 655
0
299 81 392
2
592 511 868
1
137 676 500
0
377 791 257
1
87 704 968
2
496 543 567
0
438 187 199
2
86 365 666
2
361 341 815
1
753 13 339
0
631 526 250
1
314 80 839
0
146 422 992
1
309 840 566
2
682 474 971
2
709 54 509
2
67 430 690
2
542 772 260
1
515 573 967
2
169 171 200
1
445 851 937
0
428 407 314
2
328 372 74
1
935 174 103
0
464 418 154
2
496 596 214
0
860 371 306
2
224 834 853
2
127 520 794
1
372 466 445
1
88 272 100
1
716 597 553
1
258 754 591
2
887 358 810
0
20 687 260
2
29 436 102
1
457 870 732
0
396 75 844
2
25 317 512
0
972 723 58
1
39 175 184
0
723 296 984
0
233 504 301
2
409 481 506
2
819 859 558
0
29 121 657
0
93 333 183
1
359 321 75
0
984 95 365
0
747 715 391
0
164 256 468
2
620 232 881
2
949 129 721
1
767 92 588
0
826 127 160
1
36 221 315
1
157 148 135
0
209 752 479
1
525 590 977
1
190 91 373
0
703 302 845
0
610 540 828
1
417 187 828
1
900 624 515
2
437 645 670
1
859 677 953
0
916 138 989
1
383 289 75
2
57 916 657
2
525 617 130
1
873 985 50
2
583 27 203
1
666 417 553
0
418 756 845
2
825 444 1000
0
734 122 414
0
874 794 61
2
986 75 502
2
396 209 27
2
989 292 930
0
194 978 9
2
877 923 138
0
91 804 913
1
980 254 300
1
603 903 370
0
735 730 439
1
464 227 135
1
454 349 504
0
334 519 438
1
662 180 145
1
908 962 577
2
593 646 973
1
812 197 536
1
717 230 533
2
750 159 621
1
121 725 527
2
446 984 575
1
539 589 665
2
354 878 943
0
853 624 626
1
725 843 150
2
147 591 329
2
742 805 910
1
103 780 84
2
313 533 100
2
406 48 291
1
629 960 140
0
472 581 779
2
149 457 445
1
211 126 699
2
816 181 65
2
480 473 594
1
537 6 334
2
733 588 639
1
519 65 400
1
897 509 439
2
246 639 60
1
363 745 770
0
468 519 559
1
604 62 191
1
604 227 5
0
424 769 348
2
231 567 666
1
618 1 174
0
598 669 580
1
261 729 159
1
313 268 735
2
563 170 571
0
891 236 712
0
961 751 546
1
788 755 218
1
89 943 274
1
838 580 389
0
831 887 810
2
320 322 882
0
412 21 455
0
358 985 1000
0
951 830 458
2
335 366 50
2
271 593 120
1
254 314 118
0
506 161 154
0
577 563 855
2
17 135 51
1
853 946 748
1
345 62 260
1
440 886 719
2
555 269 51
1
21 800 736
0
917 793 183
0
60 317 759
2
136 400 358
0
343 272 781
2
296 407 687
0
719 253 36
1
679 429 961
2
365 950 386
2
738 158 842
2
97 594 34
2
874 769 936
2
382 97 562
2
924 585 500
0
443 850 607
1
41 288 770
1
468 589 84
1
607 159 939
2
367 921 759
2
230 24 299
1
176 471 197
0
620 989 947
0
470 276 520
1
546 198 655
0
795 59 792
0
901 838 233
0
439 737 959
1
14 86 285
0
286 728 427
2
282 537 371
0
78 349 200
2
138 574 352
0
234 618 572
1
732 530 45
2
1 468 529
1
1000 635 758
2
624 582 942
0
540 750 300
0
364 100 246
2
425 202 84
0
25 736 896
2
484 171 718
0
325 753 774
2
469 256 71
1
757 31 766
0
459 981 359
0
312 9 668
0
591 929 100
2
991 871 413
2
276 65 85
2
107 912 869
1
437 827 367
0
839 989 866
2
447 948 660
2
257 772 111
2
251 667 671
2
149 926 875
1
430 44 537
1
859 17 935
2
656 62 816
0
140 583 83
2
576 901 338
1
425 301 865
2
526 696 630
0
795 789 745
1
72 76 491
0
980 820 196
1
846 808 375
2
821 157 433
1
958 223 554
0
390 956 626
1
40 129 528
0
649 491 55
0
531 193 619
1
991 57 283
1
302 440 494
1
394 270 34
1
136 593 27
1
617 81 962
1
921 908 246
2
783 122 783
0
871 492 616
1
764 144 772
0
218 936 413
1
722 468 953
0
231 829 430
1
154 700 152
0
265 42 384
2
389 145 78
0
659 203 203
2
59 250 576
2
824 639 396
2
559 206 124
2
27 42 531
2
936 821 44
0
903 675 101
1
10 776 431
0
737 623 891
2
755 453 783
2
856 189 961
2
543 924 660
1
348 944 585
2
789 669 199
1
708 480 814
2
847 448 272
1
143 345 449
1
550 354 889
0
252 826 191
1
363 47 776
2
986 79 104
0
351 378 49
1
217 495 730
2
916 39 673
1
422 863 668
1
330 466 260
1
987 390 420
0
667 141 633
0
4 823 162
1
151 142 433
1
771 362 314
0
121 646 811
1
622 971 597
1
800 515 211
0
236 553 472
0
383 831 262
1
667 152 84
0
373 759 296
2
453 15 285
1
22 813 342
2
526 291 612
0
784 983 388
2
680 51 269
2
630 885 336
1
512 106 993
2
17 551 61
1
310 760 924
1
226 301 257
0
656 49 808
1
761 492 383
0
271 220 680
0
810 520 702
1
808 325 726
2
970 284 489
2
125 964 535
2
998 852 725
0
266 68 841
1
29 956 662
2
161 228 140
2
49 238 849
2
566 49 222
2
242 176 515
0
955 363 677
1
722 659 785
2
117 467 857
0
538 430 630
2
5 844 102
2
988 921 137
0
529 583 367
2
959 194 180
0
824 988 398
2
902 595 654
0
473 504 21
0
825 954 34
0
733 666 281
0
691 967 869
1
480 829 145
0
834 450 4
2
28 241 611
2
394 283 188
0
566 962 600
0
82 319 559
2
239 359 179
1
573 458 222
2
868 757 261
1
235 344 842
1
63 353 412
2
406 794 882
0
899 761 272
2
85 695 536
0
156 956 324
2
940 689 11
1
949 933 211
0
649 420 190
1
696 852 224
1
801 650 408
0
178 885 813
1
497 305 163
0
852 552 733
2
446 939 229
1
179 527 746
1
150 206 258
2
200 402 728
1
796 354 543
1
377 150 256
0
104 749 816
1
966 74 750
2
332 170 971
1
53 769 179
2
696 982 587
0
279 732 860
1
959 90 239
1
209 973 657
0
504 148 512
2
108 820 206
0
262 789 46
0
733 493 77
2
368 404 900
0
213 168 115
0
978 794 855
0
890 832 327
1
490 300 675
0
388 613 958
2
483 492 830
0
953 362 497
0
598 184 555
0
946 103 477
0
196 82 624
2
603 344 370
0
438 990 600
2
655 180 653
2
133 351 946
1
650 872 591
2
706 178 320
1
229 529 723
1
775 786 185
0
38 885 916
0
75 682 760
0
261 547 428
0
162 422 819
0
264 351 462
0
595 459 372
2
247 503 421
0
761 954 587
0
617 736 114
0
19 593 266
1
526 337 747
1
483 513 816
2
202 727 774
1
594 81 991
1
224 215 858
0
323 850 286
0
269 703 375
1
236 849 639
1
273 238 793
2
520 344 482
1
146 992 985
0
80 86 400
1
120 387 651
1
517 186 609
2
426 500 897
1
815 332 503
0
599 538 78
1
889 852 464
1
742 506 268
0
82 656 696
1
95 873 671
0
446 122 524
2
719 366 136
2
500 600 193
2
32 125 67
2
557 723 819
2
911 693 362
1
523 729 150
1
349 827 279
2
176 339 945
2
822 140 341
1
82 967 149
0
908 952 552
2
78 558 10
1
541 577 24
2
370 455 907
1
49 1000 931
0
817 659 885
0
605 32 784
2
11 423 988
0
995 569 580
2
658 710 142
2
24 478 273
2
550 436 518
0
868 744 266
2
370 892 539
2
213 777 992
0
621 410 198
0
101 129 760
0
90 441 495
1
487 621 147
1
272 487 944
1
446 475 789
0
955 828 505
2
758 247 286
1
833 351 674
0
233 313 884
0
590 769 684
2
796 988 246
1
936 640 249
0
231 208 955
2
44 941 719
0
624 378 473
1
687 886 721
0
440 703 607
0
653 925 38
0
317 700 891
2
222 607 976
2
566 793 548
0
532 685 830
0
163 706 690
2
343 871 283
0
970 181 73
1
737 52 756
0
155 478 730
1
770 852 238
2
605 677 74
2
596 198 126
1
230 63 561
2
80 74 710
2
575 225 683
2
344 816 447
1
685 569 362
0
267 287 90
0
234 605 595
1
605 599 534
0
418 185 965
0
67 15 997
1
511 149 397
2
867 792 590
0
949 356 252
2
826 272 229
0
310 455 431
2
740 992 854
0
55 568 878
2
57 198 774
1
537 863 430
0
586 540 842
0
561 521 48
1
607 383 990
0
961 404 463
2
844 393 64
0
741 612 693
0
920 271 850
0
846 577 487
0
365 604 499
0
339 879 724
2
194 412 118
1
515 228 291
1
340 802 545
1
275 13 434
1
184 402 136
0
438 634 135
2
723 672 264
0
369 541 283
0
291 367 228
1
107 72 306
0
771 435 556
2
731 300 76
1
195 440 489
2
49 674 359
0
765 488 714
1
171 453 979
1
417 705 650
0
538 838 460
2
106 956 527
0
915 367 156
0
183 447 636
2
847 937 239
2
715 404 600
2
75 926 325
0
750 864 277
1
648 335 427
0
593 245 762
1
140 176 697
2
269 472 714
0
807 31 110
2
685 60 547
2
607 104 392
2
584 197 951
1
13 436 668
0
904 166 974
2
150 517 516
1
389 244 498
0
875 92 564
2
371 8 122
2
337 659 276
0
800 577 920
0
713 612 210
1
831 264 515
0
33 784 989
0
671 706 941
1
729 392 986
2
125 321 998
0
495 704 563
0
701 555 303
2
795 630 27
0
749 529 680
0
4 200 443
2
291 17 99
0
554 731 552
0
650 445 486
2
890 573 859
2
641 130 861
0
45 628 423
1
155 474 334
2
392 52 535
0
80 323 203
1
270 581 389
0
3 886 611
1
761 275 100
1
394 56 66
2
285 573 727
1
202 524 588
2
653 998 176
1
456 679 894
1
532 407 490
0
128 522 965
2
390 114 711
1
321 764 189
1
4 265 755
1
855 317 587
1
819 525 303
0
489 660 683
2
501 575 567
2
553 755 851
1
487 227 603
0
902 902 750
1
266 103 882
1
509 711 490
0
122 185 107
1
372 988 491
0
74 519 354
0
997 663 214
1
805 116 786
2
505 565 838
2
334 785 973
2
371 545 258
1
298 130 341
0
344 902 877
0
649 501 614
1
694 312 333
1
600 815 217
1
850 835 253
2
210 142 451
0
536 570 563
1
818 112 12
1
607 322 346
0
594 851 665
0
834 445 737
1
560 26 954
0
544 7 130
0
396 71 229
0
221 60 716
1
659 179 385
1
639 384 738
0
783 31 316
1
426 22 753
0
413 447 5
2
245 826 550
0
133 530 10
2
762 430 134
0
533 747 284
0
881 440 836
0
590 571 630
1
598 522 190
2
622 445 706
1
335 714 1000
0
165 616 59
0
847 384 944
1
656 832 252
0
53 291 296
0
361 62 768
0
134 35 192
1
388 379 880
0
710 616 73
2
971 953 824
1
51 538 611
0
444 979 162
0
299 719 184
1
710 696 73
1
865 704 846
1
647 51 143
1
460 156 769
2
769 302 848
2
536 188 310
2
352 634 141
1
347 725 201
0
222 32 218
2
816 585 345
0
71 20 368
0
488 175 31
1
45 717 700
1
116 686 322
1
805 542 574
2
812 453 230
1
984 160 666
2
827 951 592
2
372 214 987
1
585 191 907
0
720 623 667
0
960 992 567
0
499 280 868
0
431 104 21
1
822 535 834
2
394 288 828
0
693 625 919
2
432 245 87
2
754 509 598
2
820 122 908
1
562 23 992
2
524 252 966
2
62 981 466
1
829 301 236
2
683 613 877
1
293 290 200
0
843 462 132
0
639 701 81
2
930 546 169
2
835 763 634
2
1 83 561
2
100 142 337
0
30 834 828
2
320 29 985
2
418 169 398
1
411 407 464
2
970 691 345
0
156 644 465
2
207 559 912
2
294 948 130
1
86 81 765
1
16 77 119
1
649 848 548
2
782 833 838
1
860 897 325
1
702 654 842
0
216 730 566
2
84 533 720
2
779 440 239
0
7 804 621
0
206 850 525
1
985 788 630
1
974 899 639
2
42 3 486
0
67 212 828
1
566 931 83
1
236 832 291
1
803 257 449
0
498 127 65
2
908 294 438
1
425 339 71
2
329 346 60
1
538 222 561
2
884 924 906
1
787 314 985
0
501 235 971
2
669 158 857
0
23 593 734
2
828 384 500
1
136 91 101
2
907 574 886
1
837 210 982
2
102 700 408
0
85 220 428
0
134 561 453
2
689 604 399
2
305 570 991
0
858 558 320
1
191 150 947
1
347 468 510
2
982 480 208
0
426 139 700
1
511 15 356
1
619 766 721
1
710 265 704
0
542 51 302
2
142 428 911
1
684 825 99
2
571 132 755
0
446 904 610
0
918 33 631
1
414 433 91
2
636 133 518
2
819 322 806
1
247 722 971
2
9 395 228
0
676 578 206
1
255 643 319
1
980 725 366
0
23 172 845
2
411 510 873
1
978 875 698
1
268 942 342
2
66 969 322
1
915 728 284
1
550 933 163
0
593 36 136
2
521 535 729
0
635 725 234
2
123 126 783
0
931 66 265
2
487 323 909
1
566 632 427
0
379 564 420
0
316 742 77
0
99 522 588
2
340 240 553
1
782 475 743
1
701 901 235
1
791 681 924
2
486 169 635
0
445 545 709
1
519 220 350
0
300 581 449
0
133 120 341
2
298 771 434
2
546 623 541
0
83 251 248
1
731 51 397
2
806 332 52
1
768 140 371
1
557 144 974
2
287 958 367
0
673 844 815
1
938 472 262
2
587 921 328
1
324 54 529
1
100 598 882
1
672 311 579
2
654 91 235
2
114 248 423
2
489 975 23
1
84 520 967
0
647 795 325
1
99 90 798
0
392 461 574
1
807 606 439
1
263 519 945
0
894 16 324
2
219 125 370
1
162 671 16
0
495 730 38
0
550 831 301
0
562 795 304
1
949 960 207
0
640 970 456
0
411 652 678
1
223 540 503
1
850 197 24
1
715 724 372
2
982 621 157
0
146 150 498
2
449 444 393
1
696 205 295
2
952 150 582
2
676 846 246
0
101 434 400
0
10 298 942
2
899 100 975
0
263 760 146
0
325 660 768
1
928 969 95
1
543 797 924
0
412 418 369
0
834 782 575
1
669 885 469
1
845 205 922
2
923 912 952
0
631 343 426
2
721 452 199
0
406 481 383
2
613 615 205
0
939 10 6
1
172 667 81
1
27 542 887
0
252 734 725
0
160 293 952
2
808 528 288
0
806 921 128
0
584 711 804
2
342 484 636
1
279 278 81
0
230 712 854
0
731 409 449
2
671 142 417
0
816 819 985
1
742 975 886
1
749 961 86
0
172 102 506
2
173 797 110
1
671 988 526
2
728 803 747
2
198 353 990
0
952 399 19
2
720 258 874
0
884 69 611
0
597 126 840
0
160 519 519
0
604 168 167
1
194 227 883
0
739 761 558
0
79 555 62
2
674 522 99
2
420 259 346
0
217 190 957
1
126 726 533
2
717 422 763
0
739 209 531
0
800 491 570
1
414 254 657
0
349 584 594
0
607 363 667
0
672 220 665
1
848 609 15
1
508 213 623
2
321 493 1000
2
387 272 193
2
525 218 989
0
689 90 415
2
347 269 359
0
569 746 798
0
222 648 238
0
671 908 550
0
253 40 13
1
477 432 692
0
100 846 417
1
678 57 873
2
897 9 310
0
789 359 745
1
728 931 650
0
175 869 902
0
967 256 928
1
781 363 819
1
714 290 942
2
732 797 841
0
633 136 583
2
645 251 853
0
269 602 34
2
420 895 527
2
783 534 513
0
53 826 813
0
297 846 203
1
306 759 678
1
282 112 651
2
254 981 328
1
798 717 119
0
382 778 66
1
372 714 177
1
243 875 242
2
663 98 249
1
593 149 537
2
230 618 625
0
707 639 562
1
459 548 40
0
469 982 415
1
295 317 968
0
40 168 164
1
445 775 1000
2
218 81 825
1
675 87 258
1
59 216 276
1
212 583 38
0
592 963 29
0
697 613 877
0
172 959 192
1
699 123 551
1
146 729 743
1
474 861 478
0
405 696 214
0
905 526 296
1
169 849 85
1
839 92 233
2
567 338 433
0
832 535 638
0
12 103 515
1
835 270 548
1
42 504 607
1
738 298 103
1
118 64 318
2
644 152 539
2
888 455 13
0
838 923 175
2
719 809 852
2
853 624 212
0
2 590 16
0
30 729 922
2
328 864 489
0
847 715 476
1
840 832 620
1
363 648 407
2
906 753 562
1
442 381 551
1
125 739 952
0
990 941 626
0
654 105 381
1
607 612 59
2
328 52 431
0
408 748 297
2
950 206 407
0
936 516 589
0
914 335 24
0
178 964 727
0
530 708 267
2
901 426 249
1
758 531 414
1
93 17 906
0
731 808 704
0
256 453 685
0
147 595 791
0
506 48 608
2
282 959 747
2
593 423 414
1
42 53 792
0
658 925 709
0
633 959 264
1
442 832 680
2
638 101 910
1
541 655 598
1
47 980 140
2
899 82 793
2
294 698 814
2
694 930 352
1
239 195 989
1
422 972 981
0
100 967 757
2
669 467 360
2
929 185 95
2
459 867 267
1
432 914 287
1
450 167 123
0
174 884 967
1
475 947 709
1
821 671 267
1
928 379 39
0
768 360 979
1
192 922 891
0
810 445 508
1
223 524 648
1
263 226 383
1
2 741 856
2
288 527 864
2
479 967 346
2
907 887 721
0
443 607 362
0
818 939 796
1
498 800 796
2
368 253 141
1
756 856 53
2
263 446 998
2
66 790 706
2
428 448 504
1
676 266 247
2
816 804 264
2
582 317 778
1
785 829 704
1
375 477 109
2
936 403 442
1
321 394 415
1
913 858 305
2
707 692 827
2
134 584 512
2
666 306 207
0
620 419 792
0
851 468 935
2
76 976 695
1
763 466 640
0
683 461 587
2
936 123 949
2
139 120 467
0
61 751 342
2
407 549 919
0
66 213 620
2
115 572 43
1
729 750 262
2
26 737 607
2
954 784 406
1
166 154 546
2
432 781 381
0
724 348 82
2
250 545 427
2
292 663 30
1
979 599 728
0
270 461 181
1
403 348 166
1
56 424 188
2
331 810 92
0
345 545 76
1
757 206 725
0
49 857 761
0
89 651 967
1
174 779 844
0
577 933 764
0
617 336 858
0
662 167 492
1
86 930 251
0
289 694 289
0
560 58 828
1
291 227 242
1
75 667 693
1
893 413 217
1
160 828 43
1
449 164 397
2
197 897 679
2
438 487 304
2
42 2 846
2
401 95 994
2
205 395 543
0
582 570 644
2
503 202 24
2
835 562 102
2
733 901 457
0
918 211 594
1
911 793 991
2
890 776 70
2
836 140 307
1
70 174 574
2
196 828 337
2
317 103 8
1
949 765 9
2
791 9 158
1
87 832 697
0
815 468 191
2
512 606 384
2
827 440 943
1
528 441 541
2
48 444 154
2
606 611 710
0
243 472 333
0
226 421 882
2
352 589 253
2
976 866 431
2
751 103 789
2
291 73 220
1
761 994 757
0
200 694 33
0
344 874 934
2
487 857 26
0
333 1 23
1
710 54 896
0
320 509 635
2
245 124 983
1
547 376 440
1
963 566 169
2
983 470 114
2
767 341 634
2
637 322 678
1
464 907 250
1
134 57 567
1
422 58 462
1
917 661 164
1
398 379 335
0
471 500 200
0
466 367 233
2
338 79 801
2
959 994 758
1
683 59 618
0
821 707 313
2
198 603 137
0
979 117 307
2
474 116 161
1
720 337 609
0
322 783 617
2
187 713 171
2
269 43 459
1
947 663 982
2
839 705 598
2
912 596 116
0
238 222 605
1
865 641 567
2
366 932 757
2
107 66 266
0
390 985 403
1
808 958 408
2
944 687 36
1
678 232 50
0
436 402 547
2
812 577 709
0
598 165 726
1
416 884 378
2
356 381 169
0
612 384 317
1
201 949 42
2
724 274 190
0
788 224 179
1
138 504 891
0
802 178 204
1
315 831 100
0
599 104 118
2
375 869 693
1
185 107 849
0
236 568 408
0
206 472 31
2
459 846 760
0
809 43 278
2
506 634 279
2
441 312 18
0
544 870 849
1
58 761 864
2
669 491 527
1
650 611 340
1
359 163 221
2
876 816 373
1
430 391 556
0
785 78 276
0
841 977 49
0
634 191 368
1
446 324 4
1
735 87 453
1
926 542 202
1
379 305 392
2
726 261 827
0
190 691 708
2
720 848 884
2
314 429 49
1
728 641 710
0
966 566 888
1
751 977 654
1
510 230 344
0
612 772 779
1
569 189 3
2
374 969 667
0
386 419 2
0
947 620 614
1
895 390 805
0
628 220 89
2
653 296 644
0
966 748 125
2
954 526 793
2
498 198 806
2
257 857 731
2
502 35 172
0
266 657 237
2
387 925 973
0
472 653 581
2
709 381 600
2
729 868 813
1
294 685 659
1
689 888 78
0
531 960 631
0
639 141 392
0
61 277 95
1
54 438 386
2
729 928 197
0
397 369 976
1
392 184 149
0
560 334 128
1
208 602 496
0
461 836 653
2
721 596 274
2
376 468 164
2
650 475 931
1
584 396 834
1
1 46 986
1
639 773 772
1
374 697 62
2
301 717 740
2
873 498 579
2
694 773 659
0
367 479 611
0
568 996 578
0
993 455 603
0
46 995 375
1
445 884 882
1
848 671 319
2
595 968 573
1
992 139 790
2
513 461 301
0
678 435 576
0
48 891 991
0
485 706 644
0
501 565 299
2
371 876 924
1
865 52 678
1
765 261 118
2
920 771 856
0
666 728 301
0
814 970 399
2
851 360 457
0
429 811 914
0
33 883 267
1
465 632 502
2
703 586 74
2
228 595 389
0
867 803 169
0
138 372 634
0
321 863 102
2
87 686 118
1
649 764 933
1
147 954 214
2
76 708 267
1
509 483 803
2
507 572 699
1
445 145 225
2
32 102 741
2
529 926 560
1
850 271 913
0
401 564 542
2
45 506 712
2
107 285 259
1
160 395 124
1
823 97 259
0
397 877 707
1
388 796 144
0
389 140 840
0
753 373 397
2
586 772 530
1
869 448 940
2
523 616 243
0
632 708 849
0
491 972 210
0
728 926 869
1
906 556 290
1
397 356 324
0
635 50 785
0
612 787 823
2
412 259 801
1
504 986 363
0
41 923 402
1
348 13 920
1
161 149 406
1
331 91 282
1
639 796 412
1
656 648 372
2
762 101 718
0
502 540 424
1
54 410 3
0
90 586 808
2
265 536 813
1
756 985 96
1
239 450 756
0
57 742 610
2
863 828 249
1
732 344 752
0
499 97 980
0
992 307 302
2
452 782 470
0
143 278 542
0
659 436 800
1
375 381 585
1
657 114 594
0
32 672 253
2
624 400 101
2
367 601 193
1
304 165 282
0
934 810 723
0
243 90 705
0
137 941 66
2
673 613 827
0
211 626 157
1
869 647 615
0
727 797 66
2
830 182 257
0
839 717 999
2
223 500 734
1
144 630 917
1
791 662 425
2
348 448 720
0
490 383 106
0
391 750 992
2
318 546 346
0
539 271 987
2
183 203 96
1
397 256 721
1
547 814 279
1
725 904 687
2
398 366 869
0
345 219 605
2
16 880 373
2
218 808 327
1
58 181 870
0
701 459 623
2
829 836 915
1
428 900 593
0
90 341 537
1
147 494 22
0
219 95 803
2
28 497 218
2
673 404 777
2
67 712 255
0
644 943 501
2
210 867 535
2
183 501 917
1
254 694 925
0
112 249 276
2
624 104 117
2
204 286 713
0
470 85 808
0
585 105 382
1
631 373 561
0
946 716 994
2
466 843 250
2
767 149 71
2
704 694 968
0
715 461 445
1
925 715 962
2
668 201 773
2
219 818 814
1
470 380 87
0
247 725 188
2
72 283 341
2
626 236 274
2
389 7 918
1
185 339 958
0
261 95 532
1
238 666 391
0
498 28 461
2
100 492 492
1
107 891 414
2
791 224 563
0
996 222 947
1
202 755 524
0
547 99 688
1
919 213 483
1
357 715 20
0
731 128 402
1
767 893 25
1
103 756 620
2
422 385 757
2
200 669 411
0
136 509 916
1
303 355 235
1
264 411 75
0
882 985 949
1
302 425 782
0
897 294 21
2
980 456 979
0
674 8 700
1
986 69 525
0
630 588 119
0
323 603 43
0
498 943 189
0
614 839 934
2
551 832 597
1
30 610 118
2
322 907 190
1
410 739 470
2
108 240 630
2
686 155 51
2
795 250 203
0
728 935 673
1
943 497 973
0
820 9 622
1
574 728 706
2
376 159 645
1
753 935 984
1
464 987 332
1
956 754 327
2
252 729 62
2
154 481 28
1
253 492 810
2
135 270 864
1
668 722 50
2
12 666 726
2
51 163 525
0
671 600 456
0
681 222 38
2
536 808 667
2
50 883 107
2
445 325 71
0
957 34 94
0
606 23 888
1
29 499 447
0
130 298 975
2
865 860 480
1
409 870 818
1
819 223 184
2
679 821 455
0
804 848 825
0
992 664 293
1
31 955 250
0
494 426 292
0
538 772 141
0
364 355 968
0
520 462 514
2
751 286 705
1
354 973 466
0
127 307 558
1
881 547 797
