2
335 468 501
2
479 725 359
1
706 465 146
1
962 828 492
1
828 943 437
0
903 605 154
1
422 383 717
2
448 896 727
2
870 539 913
2
36 300 895
2
323 812 334
0
142 665 712
2
548 869 645
1
38 758 860
2
530 742 779
1
191 36 843
0
41 107 943
1
447 649 806
2
371 730 351
0
394 102 549
0
85 624 955
0
967 841 377
2
945 309 440
2
538 324 539
2
930 83 542
0
640 116 659
0
978 931 307
2
22 387 746
2
271 73 830
2
98 574 513
1
162 291 637
2
656 768 575
2
351 53 151
0
967 725 431
0
8 192 338
1
754 288 384
2
210 910 759
2
423 589 947
2
414 31 169
0
763 592 656
1
625 360 538
2
596 484 42
2
292 351 837
2
597 21 22
0
669 200 485
1
54 735 1000
0
901 939 789
1
729 468 894
0
808 484 422
0
814 618 515
2
936 617 452
2
520 250 557
1
225 304 9
0
990 610 703
0
94 486 344
1
315 588 504
2
459 201 619
0
799 797 282
2
10 799 158
0
539 623 293
2
191 180 658
2
816 192 889
1
203 512 635
2
329 56 647
1
876 887 434
1
845 143 417
2
323 999 652
1
558 700 477
1
76 390 713
2
4 511 870
2
402 689 790
0
3 424 586
2
89 286 427
0
833 758 933
2
722 155 190
2
369 330 693
2
435 556 550
1
146 513 61
1
140 754 424
1
688 997 530
1
867 438 950
1
298 196 417
2
489 106 283
2
115 735 702
2
787 672 264
2
186 356 54
0
833 809 946
2
322 757 559
0
482 983 145
0
130 223 162
0
174 451 467
2
293 660 440
0
155 25 511
2
187 650 314
1
169 23 19
1
959 906 392
2
478 626 415
2
335 825 875
0
834 160 71
2
519 298 178
