2
335 468 501
2
479 725 359
1
706 465 146
1
962 828 492
1
828 943 437
0
903 605 154
1
422 383 717
2
448 896 727
2
870 539 913
2
36 300 895
2
323 812 334
0
142 665 712
2
548 869 645
1
38 758 860
2
530 742 779
1
191 36 843
0
41 107 943
1
447 649 806
2
371 730 351
0
394 102 549
0
85 624 955
0
967 841 377
2
945 309 440
2
538 324 539
2
930 83 542
0
640 116 659
0
978 931 307
2
22 387 746
2
271 73 830
2
98 574 513
1
162 291 637
2
656 768 575
2
351 53 151
0
967 725 431
0
8 192 338
1
754 288 384
2
210 910 759
2
423 589 947
2
414 31 169
0
763 592 656
1
625 360 538
2
596 484 42
2
292 351 837
2
597 21 22
0
669 200 485
1
54 735 1000
0
901 939 789
1
729 468 894
0
808 484 422
0
814 618 515
2
936 617 452
2
520 250 557
1
225 304 9
0
990 610 703
0
94 486 344
1
315 588 504
2
459 201 619
0
799 797 282
2
10 799 158
0
539 623 293
2
191 180 658
2
816 192 889
1
203 512 635
2
329 56 647
1
876 887 434
1
845 143 417
2
323 999 652
1
558 700 477
1
76 390 713
2
4 511 870
2
402 689 790
0
3 424 586
2
89 286 427
0
833 758 933
2
722 155 190
2
369 330 693
2
435 556 550
1
146 513 61
1
140 754 424
1
688 997 530
1
867 438 950
1
298 196 417
2
489 106 283
2
115 735 702
2
787 672 264
2
186 356 54
0
833 809 946
2
322 757 559
0
482 983 145
0
130 223 162
0
174 451 467
2
293 660 440
0
155 25 511
2
187 650 314
1
169 23 19
1
959 906 392
2
478 626 415
2
335 825 875
0
834 160 71
2
519 298 178
1
764 271 669
2
103 986 481
2
803 628 100
2
544 626 925
1
62 973 182
1
506 433 594
0
493 32 143
2
65 287 901
2
414 361 975
2
236 171 834
1
897 761 668
1
141 551 695
1
20 625 126
2
659 695 303
1
679 467 594
1
19 485 465
2
801 153 88
1
11 927 758
1
577 316 228
1
165 759 110
1
566 87 488
0
626 475 628
1
424 929 521
2
124 963 597
2
196 262 526
1
203 261 117
2
12 327 772
0
154 548 521
0
189 925 764
2
663 852 830
0
959 714 579
1
478 8 201
0
304 440 761
1
478 325 109
2
802 888 851
0
994 429 385
1
112 541 705
1
73 357 351
1
557 486 217
0
527 358 358
0
870 272 362
2
618 23 113
0
586 697 42
0
230 130 566
1
297 933 856
2
585 963 735
0
458 973 370
2
608 964 484
2
68 636 849
1
224 939 143
0
742 512 176
0
222 826 871
0
206 935 784
0
280 399 702
1
638 735 535
0
177 994 706
2
882 549 301
1
856 642 856
2
612 463 878
0
753 679 444
0
41 674 314
2
819 73 611
0
113 933 696
2
41 832 489
2
498 91 590
1
354 146 315
0
45 741 259
2
193 760 606
1
504 182 830
0
293 609 998
2
562 557 628
2
130 542 241
0
602 175 78
1
214 684 993
0
393 602 760
0
28 429 85
1
499 787 971
2
605 848 504
2
707 664 364
1
490 172 241
2
620 543 914
1
819 705 233
0
976 206 540
0
99 423 248
0
972 649 865
2
546 76 713
2
770 679 263
2
290 986 945
0
246 541 509
1
602 871 324
0
153 473 88
1
902 764 104
2
601 528 970
2
29 566 544
0
944 89 638
2
50 464 682
1
609 343 61
2
955 759 889
1
950 691 844
1
749 621 68
0
36 784 227
2
854 39 630
1
924 749 360
1
945 767 956
2
412 727 26
0
550 2 497
2
965 516 343
2
143 914 197
0
427 73 607
1
405 430 706
1
376 813 94
2
737 37 142
1
257 995 653
2
483 839 356
0
231 132 842
0
638 12 187
1
663 651 635
0
417 354 453
1
234 263 455
1
304 635 257
1
318 125 214
1
201 29 81
0
51 859 156
2
904 265 677
0
903 910 562
1
283 949 654
2
403 221 924
0
879 370 260
0
972 620 4
0
505 782 393
0
699 314 590
2
38 939 411
0
509 235 962
2
516 494 270
1
59 870 701
0
118 265 216
0
331 816 40
2
83 289 955
2
485 711 775
1
952 816 542
1
111 680 899
0
978 789 133
1
114 690 9
2
724 791 364
1
779 185 201
1
975 886 72
2
154 868 296
2
677 826 630
0
310 599 694
0
117 81 250
0
680 529 865
0
827 406 817
1
667 727 88
0
341 965 687
0
722 663 65
2
903 416 874
0
746 942 763
1
807 532 269
0
908 603 308
0
137 13 631
0
85 810 557
2
997 294 153
1
709 346 249
0
132 713 115
2
723 959 705
2
270 53 480
1
919 424 867
1
487 499 197
1
159 634 23
0
38 393 926
0
603 459 808
0
293 831 601
0
353 800 449
1
316 541 576
2
337 568 398
2
829 898 852
2
450 231 926
1
521 230 941
1
163 148 656
2
362 793 755
0
715 147 947
2
639 570 664
0
522 516 476
0
235 529 571
2
558 465 963
1
550 525 470
0
351 924 334
2
738 911 337
1
394 279 637
0
592 165 950
1
338 506 5
2
665 624 971
0
282 569 86
2
653 374 195
0
397 827 573
0
175 641 820
1
942 612 290
1
806 566 586
1
616 451 610
0
894 167 75
0
696 301 574
1
173 162 969
1
269 32 427
1
775 423 780
1
183 553 392
0
875 765 365
1
461 256 475
0
123 822 548
1
606 790 196
0
344 951 755
0
673 13 440
0
763 913 968
0
909 416 224
2
205 435 487
2
946 959 807
0
368 701 693
1
557 533 975
0
284 22 223
0
584 377 949
0
19 983 777
1
183 112 857
2
325 926 487
0
644 970 535
2
69 669 992
0
829 784 728
2
698 872 613
1
409 28 546
1
239 186 238
1
502 314 851
0
651 112 150
2
870 455 682
0
714 268 794
1
973 473 831
1
178 443 878
0
365 703 382
0
238 824 24
1
170 596 328
0
183 311 59
0
671 488 529
2
214 259 861
1
743 287 611
2
435 129 842
0
868 504 866
0
258 882 751
0
459 599 662
2
808 757 279
1
366 436 76
2
834 387 361
1
929 49 493
1
767 841 736
1
838 600 893
2
353 329 370
2
609 795 253
1
536 433 209
0
244 498 650
1
190 842 101
0
524 649 852
0
892 634 201
0
698 991 920
2
932 579 545
1
900 488 526
2
493 539 194
1
561 12 835
1
786 498 530
1
792 806 393
1
579 550 980
2
74 278 194
0
827 498 277
2
579 583 160
0
160 490 450
0
381 73 9
1
478 209 504
1
197 608 75
0
20 612 762
1
164 891 684
0
453 933 742
1
863 814 397
1
905 616 600
0
199 681 33
2
241 585 518
2
242 671 883
1
759 524 106
2
297 96 917
0
580 179 59
1
8 751 730
0
679 996 677
0
785 900 566
0
173 609 244
1
169 515 56
1
923 974 749
2
145 987 447
2
630 518 917
0
470 792 913
1
92 694 816
0
641 858 53
2
488 552 227
1
184 956 395
0
66 98 66
2
579 262 79
0
612 141 948
0
976 171 490
0
334 150 866
2
8 283 433
1
523 368 883
1
232 642 188
0
322 480 539
1
209 448 647
1
190 760 423
0
456 487 29
1
254 861 778
1
862 504 432
0
198 456 107
1
297 822 282
2
948 456 125
0
377 136 775
0
75 999 254
1
644 636 889
2
748 233 681
0
451 679 802
1
856 200 364
1
562 574 246
2
551 275 354
2
700 288 111
1
173 466 530
0
477 113 382
0
672 891 806
2
990 33 321
2
659 432 294
1
949 579 207
0
397 167 698
0
530 695 789
1
970 985 979
2
627 16 685
0
929 907 98
2
200 391 786
2
421 200 711
1
416 814 86
0
332 581 268
2
187 445 508
1
75 828 432
0
269 272 694
1
312 338 605
2
769 407 23
0
543 1 538
2
356 389 290
0
94 182 585
1
494 762 218
0
448 483 666
1
85 105 96
1
965 222 782
0
657 107 344
0
81 81 869
0
969 714 252
0
769 80 41
1
780 934 664
1
937 654 96
2
721 875 836
0
456 977 726
0
560 809 157
1
906 833 441
1
886 563 963
2
798 837 203
2
341 81 77
1
741 494 547
2
98 774 881
1
401 73 708
2
142 667 589
1
316 169 397
1
13 10 137
1
44 763 743
0
513 923 249
2
718 369 715
1
336 291 760
1
304 896 641
1
106 200 792
1
653 682 754
0
988 30 43
0
421 84 815
0
64 245 230
0
770 865 471
2
595 48 488
2
324 277 541
2
589 991 711
0
222 946 471
2
956 590 979
2
263 7 136
0
34 197 89
2
994 780 791
2
2 966 106
2
670 568 135
1
999 458 546
1
839 219 845
1
29 564 265
1
491 724 605
2
198 228 693
1
302 364 364
2
422 566 446
1
742 496 23
0
16 152 56
0
280 739 883
0
823 655 708
2
145 339 291
1
605 155 624
1
725 79 982
2
224 734 595
0
988 847 446
1
751 617 490
2
136 964 698
1
225 631 909
1
921 475 373
0
735 856 562
0
185 607 76
2
742 120 433
0
280 780 284
0
126 837 119
2
120 29 578
0
557 92 796
1
794 902 433
0
876 581 908
1
720 75 791
1
352 42 330
0
73 975 592
0
491 788 240
1
64 54 682
1
177 6 480
0
469 140 999
2
516 640 622
2
723 827 839
0
400 582 979
2
944 24 835
2
703 350 708
0
688 142 347
0
414 638 401
1
163 691 936
2
878 411 383
1
706 190 875
2
196 723 567
1
589 39 812
0
426 468 868
1
64 543 548
1
100 618 24
0
49 204 52
1
459 637 968
2
532 406 963
2
557 976 532
1
592 45 804
1
451 916 320
2
384 792 134
2
570 643 301
2
586 79 258
1
491 894 104
1
723 234 272
0
339 991 642
2
353 48 659
2
684 303 991
0
423 569 896
0
362 9 743
0
189 700 179
1
942 358 848
2
381 346 914
0
62 711 386
0
463 505 704
1
155 70 530
1
150 75 731
0
50 845 119
2
553 364 774
2
748 732 512
1
499 399 104
1
54 680 44
2
564 89 835
1
241 23 912
0
581 652 478
1
179 877 221
2
799 349 180
0
884 858 663
2
421 263 771
2
842 274 687
1
718 918 893
0
750 268 66
0
620 933 82
2
29 131 632
0
631 153 173
1
296 408 429
2
611 491 178
0
460 237 644
1
38 634 894
1
994 275 783
1
291 462 663
2
152 998 424
1
641 718 704
1
662 884 660
2
652 387 766
2
210 841 498
1
59 251 422
1
788 582 272
0
505 1000 980
2
531 701 462
1
541 206 829
0
399 623 761
2
482 936 615
1
597 494 162
0
671 539 539
2
918 556 372
2
759 753 434
2
727 66 402
1
394 760 549
0
194 793 934
2
691 104 212
2
628 669 499
2
880 249 648
1
670 932 876
2
437 450 600
2
732 444 155
1
386 435 968
1
705 394 867
2
224 309 685
0
49 668 470
1
815 812 91
0
605 744 600
1
507 196 159
0
810 859 890
2
819 41 365
2
90 27 504
0
841 413 571
0
642 396 987
2
188 110 84
1
251 391 687
0
129 382 503
1
425 863 566
2
886 833 429
1
479 890 884
1
261 266 46
0
856 822 521
0
135 774 252
1
335 337 2
1
975 311 591
1
81 72 936
0
826 283 719
1
38 713 999
2
718 163 693
0
947 48 104
0
840 116 859
0
395 646 200
1
676 273 863
2
481 774 239
2
609 543 204
0
135 126 402
0
170 383 737
1
139 940 722
1
678 664 576
1
701 982 962
2
449 3 96
0
138 17 508
1
945 285 260
2
644 59 669
0
858 120 42
2
624 265 916
2
842 930 716
2
958 537 760
1
94 453 242
0
228 449 799
0
275 325 134
1
171 39 863
1
910 85 879
2
401 86 25
0
413 106 766
1
678 408 785
2
835 791 892
0
735 86 191
1
87 999 19
0
598 425 377
2
109 670 928
1
367 69 103
2
820 601 319
1
340 985 557
2
479 633 815
2
75 240 21
0
989 555 442
1
3 643 322
2
57 947 510
1
762 709 534
1
386 805 143
2
162 261 621
2
188 579 114
1
935 592 416
2
13 762 412
1
739 252 371
0
8 508 585
1
490 102 959
0
14 791 413
2
94 61 473
1
544 677 374
2
276 652 529
1
470 762 504
2
893 108 452
1
571 393 520
2
495 408 506
0
263 384 410
2
361 39 472
2
948 655 515
0
490 230 767
1
633 757 471
2
523 667 284
0
706 554 92
2
688 387 630
0
46 318 357
2
155 453 467
1
920 761 632
0
777 268 99
2
54 321 8
2
723 217 843
0
261 464 948
2
718 631 44
2
627 315 118
2
172 621 793
0
867 155 694
1
1 776 213
1
477 552 380
2
790 878 362
0
435 273 145
2
505 564 947
2
158 309 431
2
75 465 347
1
319 982 612
2
833 592 124
2
462 992 331
1
292 370 401
1
318 118 915
2
937 442 868
2
910 454 974
2
570 504 817
2
386 368 403
1
682 158 568
0
688 867 172
0
765 246 239
2
116 48 593
2
406 658 54
1
741 581 531
1
791 321 378
0
605 587 490
2
389 745 611
1
260 920 928
2
480 120 717
0
854 397 459
1
807 594 850
1
161 273 295
0
147 334 230
1
560 429 242
0
367 689 34
0
330 271 262
0
983 209 163
1
980 879 898
0
470 539 784
2
267 796 634
0
318 558 135
1
259 136 594
2
467 694 952
2
938 95 175
1
552 98 696
1
293 493 238
2
297 614 711
1
810 629 787
1
183 841 570
0
293 394 963
0
808 528 195
2
12 714 914
0
204 665 996
2
947 382 910
1
625 769 512
1
128 236 634
1
128 863 578
0
143 341 101
2
477 559 155
0
832 431 296
0
923 624 928
0
212 212 755
0
294 254 322
1
444 529 1
1
271 672 453
0
641 632 935
1
835 987 249
0
797 766 313
2
732 53 988
2
249 558 557
1
183 451 302
0
333 100 45
0
5 76 51
2
739 67 802
0
442 844 381
0
660 919 364
1
89 330 855
0
570 980 667
2
838 578 403
0
724 293 873
0
154 324 949
2
509 198 909
2
666 994 782
1
829 611 257
0
24 966 770
0
806 254 685
0
841 146 834
1
969 901 995
1
349 886 282
2
911 257 873
0
307 902 636
1
528 472 138
0
234 769 996
2
943 604 12
1
513 35 594
2
235 162 259
2
192 907 444
2
720 228 485
1
436 94 225
2
868 583 628
0
687 147 590
2
851 238 760
2
678 957 404
1
812 301 226
2
17 596 616
1
369 7 642
2
326 699 314
0
619 313 458
0
87 340 95
1
523 44 912
2
359 456 848
1
874 991 328
2
897 455 473
0
642 242 647
2
825 214 930
1
595 404 994
0
641 188 80
0
535 126 861
2
622 908 693
0
718 118 404
1
640 894 12
0
979 29 749
0
445 893 655
1
37 354 548
1
62 827 905
2
887 572 406
1
729 57 268
1
992 20 167
2
94 847 188
2
868 913 300
2
202 898 329
0
769 105 769
1
263 297 721
1
626 919 220
1
985 175 460
0
696 15 504
1
538 852 815
2
220 652 291
0
919 684 585
0
270 587 249
2
425 398 169
2
994 149 383
0
894 670 878
0
485 105 944
2
294 812 893
0
300 991 891
0
550 75 775
2
70 174 219
0
239 834 912
1
509 464 150
0
232 246 921
2
369 272 422
0
648 158 983
1
724 123 907
1
157 190 346
0
119 924 551
0
592 837 407
1
652 814 881
1
742 744 246
1
706 950 515
0
625 228 205
0
228 918 556
1
469 287 699
0
490 412 759
2
411 776 133
2
951 297 113
1
673 530 837
1
977 554 671
1
752 653 398
2
436 2 694
0
717 917 329
2
839 126 297
0
57 545 827
2
589 759 22
2
778 109 629
1
550 948 281
0
63 129 427
0
92 678 48
0
407 232 685
0
710 770 957
2
466 946 17
2
336 498 191
1
6 50 887
0
144 676 378
2
556 488 483
2
755 1 290
1
9 216 311
1
998 800 708
0
238 305 486
1
614 793 613
1
352 984 130
1
601 34 865
1
969 858 711
2
642 709 733
2
500 685 702
1
257 584 693
2
13 88 811
0
664 836 616
1
775 678 135
1
879 534 287
1
76 735 350
1
625 985 793
0
56 823 914
0
85 474 161
0
398 54 823
1
918 338 7
2
506 198 237
1
291 600 899
1
85 448 593
2
856 997 829
2
429 343 796
1
507 38 768
1
506 794 147
0
855 925 466
2
210 207 493
2
37 176 62
0
14 619 728
1
910 897 842
0
35 91 916
1
667 524 345
0
417 38 894
2
845 972 778
1
591 201 286
2
669 119 7
0
542 9 226
2
717 981 471
0
329 748 937
0
524 701 365
1
251 41 505
2
142 767 671
0
89 507 257
0
858 267 679
0
156 675 192
2
859 833 997
1
968 291 708
2
463 247 403
1
96 427 907
1
587 351 280
1
880 823 302
2
165 677 358
2
313 39 145
1
201 181 644
1
648 62 940
2
453 291 980
2
8 420 285
1
676 978 614
1
643 372 340
0
502 622 35
0
437 359 470
1
799 505 203
2
33 239 66
0
580 482 24
2
314 772 383
2
489 817 320
0
260 514 852
0
365 284 39
0
760 185 502
1
60 734 715
1
523 596 542
1
53 378 566
1
311 139 968
1
225 788 223
2
649 442 805
0
442 369 873
1
177 975 138
2
746 242 19
1
253 975 847
1
967 525 582
2
335 241 297
2
206 28 19
1
466 642 192
1
701 260 218
0
625 944 65
2
503 158 667
2
633 47 790
1
4 146 153
2
154 327 185
2
406 351 347
2
337 971 796
1
533 324 857
2
777 211 693
0
796 291 853
1
37 316 362
1
730 985 535
2
807 83 937
0
618 791 183
